{
  "triad_gbp_per_gsp_kw": {
    "import": {
      "_E": 17.807318,
      "_H": 21.100281,
      "_L": 23.77056},
    "export": {
      "_E": 17.807318,
      "_H": 21.100281,
      "_L": 23.77056}}}
