{
  "triad_gbp_per_gsp_kw": {
    '_E': 17.807318,
    '_H': 21.100281,
    '_L': 23.77056}}
