{
  "triad_gbp_per_gsp_kw": {
    "import": {
      "_E": 19.147817,
      "_H": 22.194810,
      "_L": 25.212997},
    "export": {
      "_E": 19.147817,
      "_H": 22.194810,
      "_L": 25.212997}}}
