{
  "triad_gbp_per_gsp_kw": {
    "_E": 20.526611,
    "_H": 24.471461,
    "_L": 25.631634}}
