{
  "triad_gbp_per_gsp_kw": {
    "import": {
      "_E": 22.692635,
      "_H": 25.494450,
      "_L": 26.057832},
    "export": {
      "_E": 22.692635,
      "_H": 25.494450,
      "_L": 26.057832}}}
