{
  "triad_gbp_per_gsp_kw": {
    "import": {
      "_E": 20.665831,
      "_H": 23.467647,
      "_L": 24.031029},
    "export": {
      "_E": 20.665831,
      "_H": 23.467647,
      "_L": 24.031029}}}
