{
  "triad_gbp_per_gsp_kw": {
    "import": {
      "_E": 23.811436,
      "_H": 27.567648,
      "_L": 28.408897},
    "export": {
      "_E": 23.811436,
      "_H": 27.567648,
      "_L": 28.408897}}}


