{
  "triad_gbp_per_gsp_kw": {
    "_E": 27.358246,
    "_H": 30.613447,
    "_L": 31.062748}}
