{
  "triad_gbp_per_gsp_kw": {
    "import": {
      "_E": 29.201069,
      "_H": 33.752057,
      "_L": 33.551731},
    "export": {
      "_E": 29.201069,
      "_H": 33.752057,
      "_L": 33.551731}}}
