{
  "triad_gbp_per_gsp_kw": {
    "import": {
      "_E": 33.782559,
      "_H": 38.786441,
      "_L": 38.699518},
    "export": {
      "_E": 33.782559,
      "_H": 38.786441,
      "_L": 38.699518}}}
