{
  "triad_gbp_per_gsp_kw": {
    "_E": 39.629994,
    "_H": 44.786928,
    "_L": 43.979049}}
