{
  "triad_gbp_per_gsp_kw": {
    "_E": 45.738925,
    "_H": 50.078028,
    "_L": 48.580421}}
