{
  "triad_gbp_per_gsp_kw": {
    "_E": 49.457444,
    "_H": 53.405080,
    "_L": 51.955583}}
