{
  "triad_gbp_per_gsp_kw": {
    "import": {
      "_E": 48.796991,
      "_H": 53.419807,
      "_L": 51.867520},
    "export": {
      "_E": 33.850566,
      "_H": 38.473382,
      "_L": 36.921094}}}
